start=1444.276000
volume=76.000000
