start=2674.922000
pause=yes
volume=60.000000
ontop=no
sid=1
