start=90.591000
volume=30.000000
