start=88.305333
volume=64.000000
