start=559.916667
volume=64.000000
