start=359.359000
volume=68.000000
fullscreen=yes
