start=9.476133
volume=64.000000
