start=8.675333
volume=64.000000
