start=3.433333
volume=64.000000
