start=38.360000
volume=98.000000
