start=50.683967
volume=64.000000
