start=37.412378
volume=100.000000
