start=183.016167
volume=64.000000
deinterlace=no
