start=5.372033
volume=98.000000
