start=139.472667
volume=60.000000
