start=230.630400
volume=100.000000
af=@audnorm:loudnorm=I=-18:TP=%4%-1.5:LRA=1
