start=4.875000
volume=130.000000
