start=295.962000
volume=100.000000
