start=13.033333
volume=64.000000
