start=2312.894000
volume=70.000000
af=@audnorm:loudnorm=I=-18:TP=%4%-1.5:LRA=1
