start=50.050000
volume=64.000000
