start=70.120000
volume=90.000000
