start=21.254567
volume=90.000000
