start=11.444000
volume=64.000000
