start=23.757050
volume=64.000000
