start=6627.017000
volume-restore-data=wasapi:14.000000:14.000000:0
aid=1
sid=1
