start=3.903000
volume=120.000000
