start=98.598500
volume=40.000000
border=yes
