start=674.132000
volume=60.000000
fullscreen=yes
