start=59.476000
volume=64.000000
