start=883.049000
volume=90.000000
