start=119.786333
volume=130.000000
