start=202.635767
volume=64.000000
