start=143.333333
volume=64.000000
ontop=no
