start=1457.456000
volume=60.000000
af=@audnorm:loudnorm=I=-18:TP=%4%-1.5:LRA=1
