start=18.935550
volume=64.000000
