start=2.503000
volume=78.000000
