start=2630.669711
volume=64.000000
