start=30.666667
volume=70.000000
